state,district,per_affluent,per_middleincome,per_poor
andaman and nicobar islands ,nicobars ,10.89,84.67,4.43
andaman and nicobar islands ,north & middle anda ,17.92,73.5,8.58
andaman and nicobar islands ,south andaman ,53.73,45.37,0.91
andhra pradesh ,anantapur ,15.52,83.27,1.21
andhra pradesh ,chittoor ,24.74,73.61,1.65
andhra pradesh ,east godavari ,24.48,73.58,1.94
andhra pradesh ,guntur ,22.25,74.53,3.22
andhra pradesh ,krishna ,25.22,72.38,2.4
andhra pradesh ,kurnool ,18.41,80.42,1.17
andhra pradesh ,prakasam ,19.66,77.52,2.82
andhra pradesh ,sri potti sriramulu ,24.93,72.36,2.71
andhra pradesh ,srikakulam ,15.24,81.82,2.95
andhra pradesh ,visakhapatnam ,29.68,66.46,3.86
andhra pradesh ,vizianagaram ,15.48,80.86,3.66
andhra pradesh ,west godavari ,23.16,75.09,1.76
andhra pradesh ,y.s.r. ,32.52,66.52,0.96
arunachal pradesh ,anjaw ,0.43,82.05,17.52
arunachal pradesh ,changlang ,6.59,71.37,22.04
arunachal pradesh ,dibang valley ,8.47,77.9,13.64
arunachal pradesh ,east kameng ,4.79,46.71,48.49
arunachal pradesh ,east siang ,12.39,82.44,5.18
arunachal pradesh ,kurung kumey ,4.07,73.67,22.26
arunachal pradesh ,lohit ,4.99,70.83,24.18
arunachal pradesh ,lower dibang valley ,10.08,69.23,20.69
arunachal pradesh ,lower subansiri ,13.69,79.85,6.47
arunachal pradesh ,papumpare ,30.77,66.58,2.65
arunachal pradesh ,tawang ,4.61,81.37,14.02
arunachal pradesh ,tirap ,3.83,87.13,9.04
arunachal pradesh ,upper siang ,8.44,78.4,13.17
arunachal pradesh ,upper subansiri ,7.3,70.83,21.87
arunachal pradesh ,west kameng ,13.51,77.77,8.72
arunachal pradesh ,west siang ,13.09,78.49,8.41
assam ,baksa ,4.05,77.91,18.04
assam ,barpeta ,5.23,67.62,27.16
assam ,bongaigaon ,5.6,80.12,14.27
assam ,cachar ,8.97,57.36,33.67
assam ,chirang ,3.04,69.71,27.25
assam ,darrang ,3.71,72.23,24.06
assam ,dhemaji ,3.35,62.11,34.53
assam ,dhubri ,4.02,62.28,33.7
assam ,dibrugarh ,9.78,64.85,25.37
assam ,dima hasao ,5.65,69.3,25.05
assam ,goalpara ,5.75,62.64,31.61
assam ,golaghat ,8.02,77.51,14.47
assam ,hailakandi ,2.3,53.14,44.56
assam ,jorhat ,15.52,69.72,14.76
assam ,kamrup ,6.01,79.63,14.36
assam ,kamrup metropolitan ,32.7,61.79,5.51
assam ,karbi anglong ,4.52,73.75,21.74
assam ,karimganj ,5.15,67.5,27.35
assam ,kokrajhar ,2.82,71.28,25.9
assam ,lakhimpur ,7.34,66.58,26.08
assam ,morigaon ,5,69.11,25.89
assam ,nagaon ,8.81,70.8,20.39
assam ,nalbari ,4.86,78.4,16.74
assam ,sivasagar ,13.73,62.97,23.3
assam ,sonitpur ,9.7,67.97,22.33
assam ,tinsukia ,10.62,60.82,28.56
assam ,udalguri ,2.92,80.43,16.64
bihar ,araria ,0.85,54.23,44.92
bihar ,arwal ,1.42,55,43.58
bihar ,aurangabad ,5.78,57.75,36.47
bihar ,banka ,1.8,53.37,44.83
bihar ,begusarai ,3.53,63.22,33.26
bihar ,bhagalpur ,6.1,65.08,28.82
bihar ,bhojpur ,5.83,67.62,26.55
bihar ,buxar ,7.9,62.92,29.19
bihar ,darbhanga ,1.97,60.09,37.94
bihar ,gaya ,4.71,70.66,24.63
bihar ,gopalganj ,2.53,64.49,32.98
bihar ,jamui ,1.73,65.26,33.01
bihar ,jehanabad ,4.58,69.37,26.05
bihar ,kaimur (bhabua) ,6.14,69.87,23.99
bihar ,katihar ,2.35,39.06,58.59
bihar ,khagaria ,2.58,55.62,41.81
bihar ,kishanganj ,2.1,56.43,41.48
bihar ,lakhisarai ,3.49,77.61,18.91
bihar ,madhepura ,1.7,53.92,44.37
bihar ,madhubani ,1.26,56.1,42.63
bihar ,munger ,4.66,67.08,28.26
bihar ,muzaffarpur ,4.25,69.46,26.29
bihar ,nalanda ,4.16,72.08,23.75
bihar ,nawada ,3.35,62.83,33.82
bihar ,pashchim champaran ,2.26,49.51,48.22
bihar ,patna ,20.76,66.75,12.49
bihar ,purba champaran ,1.51,50,48.49
bihar ,purnia ,2.44,50.54,47.03
bihar ,rohtas ,5.59,77.23,17.18
bihar ,saharsa ,1.64,57.82,40.54
bihar ,samastipur ,1.74,44.8,53.46
bihar ,saran ,2.44,65.84,31.72
bihar ,sheikhpura ,2.37,82.27,15.36
bihar ,sheohar ,1.33,60.31,38.36
bihar ,sitamarhi ,0.54,46.14,53.32
bihar ,siwan ,2.34,65.75,31.91
bihar ,supaul ,0.95,62.08,36.98
bihar ,vaishali ,4.5,64.24,31.26
chandigarh ,chandigarh ,82.32,17.09,0.59
chhattisgarh ,bastar ,10.38,59.7,29.93
chhattisgarh ,bijapur ,9.02,69.46,21.52
chhattisgarh ,bilaspur ,24.68,71.32,4.01
chhattisgarh ,dakshin bastar dant ,13.01,47.21,39.77
chhattisgarh ,dhamtari ,26.6,66.61,6.79
chhattisgarh ,durg ,38.57,57.61,3.83
chhattisgarh ,janjgir - champa ,24.97,69.24,5.79
chhattisgarh ,jashpur ,7.12,61.52,31.37
chhattisgarh ,kabirdham ,14.74,72.31,12.95
chhattisgarh ,korba ,31.34,55.2,13.46
chhattisgarh ,korea (koriya) ,18.16,59.66,22.18
chhattisgarh ,mahasamund ,18.63,73.35,8.01
chhattisgarh ,narayanpur ,8.91,55,36.09
chhattisgarh ,raigarh ,23.24,62.59,14.16
chhattisgarh ,raipur ,35.8,59.48,4.72
chhattisgarh ,rajnandgaon ,23,73.25,3.75
chhattisgarh ,surguja ,9.86,62.1,28.03
chhattisgarh ,uttar bastar kanker ,19.49,63.91,16.6
dadra and nagar haveli ,dadra & nagar havel ,22.45,72.83,4.72
daman and diu ,daman ,40.9,58.85,0.25
daman and diu ,diu ,52.14,47.59,0.27
delhi ,central ,79.77,20.18,0.05
delhi ,east ,75.49,24.24,0.26
delhi ,new delhi ,76.14,23.19,0.68
delhi ,north ,74.11,25.37,0.52
delhi ,north east ,65.01,34.99,0
delhi ,north west ,62.2,37.33,0.47
delhi ,south ,71.13,28.82,0.05
delhi ,south west ,73.73,26.27,0
delhi ,west ,81.6,18.4,0
goa ,north goa ,66.5,33.15,0.35
goa ,south goa ,70.55,29.32,0.13
gujarat ,ahmadabad ,62.71,36.46,0.84
gujarat ,amreli ,41.56,57.18,1.26
gujarat ,anand ,27.85,69.66,2.49
gujarat ,banaskantha ,17.95,74.21,7.84
gujarat ,bharuch ,35.18,59.55,5.28
gujarat ,bhavnagar ,24.86,73.71,1.43
gujarat ,dohad ,10.93,69.62,19.45
gujarat ,gandhinagar ,41.35,52.18,6.46
gujarat ,jamnagar ,42.42,55.88,1.7
gujarat ,junagadh ,34.36,65.05,0.6
gujarat ,kachchh ,28.78,67.17,4.05
gujarat ,kheda ,18.87,73.87,7.25
gujarat ,mahesana ,37.35,60.36,2.29
gujarat ,narmada ,15.49,72.5,12.01
gujarat ,navsari ,32.56,64.88,2.55
gujarat ,panchmahal ,16.89,69.01,14.09
gujarat ,patan ,20.75,74.39,4.85
gujarat ,porbandar ,39.57,59.4,1.03
gujarat ,rajkot ,55.53,43.57,0.9
gujarat ,sabarkantha ,27.87,66.13,6.01
gujarat ,surat ,49.36,49,1.64
gujarat ,surendranagar ,34.57,63.29,2.14
gujarat ,tapi ,15.01,74.95,10.04
gujarat ,the dangs ,5.22,73.61,21.17
gujarat ,vadodara ,35.6,58.92,5.47
gujarat ,valsad ,41.82,53.38,4.8
haryana ,ambala ,82.42,17.29,0.28
haryana ,bhiwani ,62.77,36.4,0.83
haryana ,faridabad ,58.12,41.62,0.26
haryana ,fatehabad ,65.52,33.77,0.71
haryana ,gurgaon ,59.32,40.26,0.43
haryana ,hisar ,61.4,37.72,0.88
haryana ,jhajjar ,70.83,28.55,0.62
haryana ,jind ,62.03,37.17,0.8
haryana ,kaithal ,65.38,34.31,0.31
haryana ,karnal ,64.83,34.77,0.4
haryana ,kurukshetra ,70.9,28.69,0.41
haryana ,mahendragarh ,61.37,37.06,1.57
haryana ,mewat ,26.03,65.21,8.77
haryana ,palwal ,44.77,48.94,6.29
haryana ,panchkula ,85.36,14.32,0.32
haryana ,panipat ,72.79,26.96,0.25
haryana ,rewari ,61.29,37.67,1.04
haryana ,rohtak ,60.74,38.44,0.83
haryana ,sirsa ,64.07,34.87,1.05
haryana ,sonipat ,71.23,28.4,0.37
haryana ,yamunanagar ,70.35,29.11,0.54
himachal pradesh ,bilaspur ,46.81,52.8,0.39
himachal pradesh ,chamba ,24.97,73.36,1.67
himachal pradesh ,hamirpur ,53.58,46.07,0.35
himachal pradesh ,kangra ,51.53,48.06,0.4
himachal pradesh ,kinnaur ,26.73,72.06,1.2
himachal pradesh ,kullu ,20.24,78.22,1.54
himachal pradesh ,lahul and spiti ,9.28,89.17,1.56
himachal pradesh ,mandi ,31.14,67.89,0.97
himachal pradesh ,shimla ,39.33,59.95,0.71
himachal pradesh ,sirmaur ,44.07,54.91,1.03
himachal pradesh ,solan ,57.79,41.43,0.78
himachal pradesh ,una ,55.28,44.12,0.61
jammu and kashmir ,anantnag ,23.47,74.15,2.39
jammu and kashmir ,badgam ,29.08,69.92,1
jammu and kashmir ,bandipore ,20.7,76.23,3.07
jammu and kashmir ,baramula ,30.37,67.95,1.68
jammu and kashmir ,doda ,7.73,83.02,9.25
jammu and kashmir ,ganderbal ,31.24,67.89,0.87
jammu and kashmir ,jammu ,72.32,27.09,0.6
jammu and kashmir ,kargil ,8.34,88.56,3.1
jammu and kashmir ,kathua ,48.64,50.06,1.3
jammu and kashmir ,kishtwar ,12.8,75.12,12.08
jammu and kashmir ,kulgam ,14.6,83.23,2.17
jammu and kashmir ,kupwara ,14.96,79.98,5.06
jammu and kashmir ,leh ,21.02,76.65,2.33
jammu and kashmir ,pulwama ,36.59,62.32,1.09
jammu and kashmir ,punch ,21.41,74.83,3.76
jammu and kashmir ,rajouri ,24.59,67.61,7.8
jammu and kashmir ,ramban ,7.83,78.88,13.28
jammu and kashmir ,reasi ,27.24,62.71,10.05
jammu and kashmir ,samba ,60.92,36.05,3.03
jammu and kashmir ,shupiyan ,27.86,69.97,2.17
jammu and kashmir ,srinagar ,73.74,26.19,0.07
jammu and kashmir ,udhampur ,32.49,63.08,4.43
jharkhand ,bokaro ,21.33,66.85,11.82
jharkhand ,chatra ,3.55,47.52,48.93
jharkhand ,deoghar ,8.56,70.3,21.14
jharkhand ,dhanbad ,20.75,72.81,6.44
jharkhand ,dumka ,3.11,61.87,35.02
jharkhand ,garhwa ,1.93,55.98,42.09
jharkhand ,giridih ,6.89,82.23,10.87
jharkhand ,godda ,3.48,72.4,24.12
jharkhand ,gumla ,4.52,67.98,27.5
jharkhand ,hazaribagh ,13.06,80.96,5.99
jharkhand ,jamtara ,3.45,75.26,21.29
jharkhand ,khunti ,3.51,62.36,34.13
jharkhand ,kodarma ,18.3,74.02,7.67
jharkhand ,latehar ,3.34,51.88,44.78
jharkhand ,lohardaga ,7.12,71.79,21.09
jharkhand ,pakur ,2.7,66.5,30.79
jharkhand ,palamu ,5.93,58.36,35.71
jharkhand ,pashchimi singhbhu ,6.46,50.92,42.62
jharkhand ,purbi singhbhum ,30.75,57,12.25
jharkhand ,ramgarh ,17.35,77.02,5.64
jharkhand ,ranchi ,22.27,67.44,10.3
jharkhand ,sahibganj ,3.26,66.48,30.26
jharkhand ,saraikela kharsawa ,17.91,62.46,19.63
jharkhand ,simdega ,1.8,56.11,42.08
karnataka ,bagalkot ,6.23,89.84,3.93
karnataka ,bangalore ,57.18,42.5,0.32
karnataka ,bangalore rural ,20.96,76.28,2.76
karnataka ,belgaum ,15.76,81.74,2.51
karnataka ,bellary ,10.44,85.99,3.57
karnataka ,bidar ,10.62,84.27,5.11
karnataka ,bijapur ,10.09,84.94,4.97
karnataka ,chamarajanagar ,4.45,89.79,5.76
karnataka ,chikkaballapura ,13.34,83.03,3.62
karnataka ,chikmagalur ,12.56,82.96,4.48
karnataka ,chitradurga ,12.38,81.31,6.31
karnataka ,dakshina kannada ,28.85,69.47,1.67
karnataka ,davanagere ,14.2,83.19,2.61
karnataka ,dharwad ,21.59,76.26,2.15
karnataka ,gadag ,8.63,83.84,7.54
karnataka ,gulbarga ,11.54,86.31,2.15
karnataka ,hassan ,16.28,80.84,2.89
karnataka ,haveri ,6.6,89.42,3.98
karnataka ,kodagu ,18.08,78.08,3.84
karnataka ,kolar ,18.78,79.54,1.68
karnataka ,koppal ,6.02,91.2,2.78
karnataka ,mandya ,12.63,85.16,2.21
karnataka ,mysore ,19.67,76.48,3.85
karnataka ,raichur ,11.4,82.7,5.9
karnataka ,ramanagara ,16.87,80.2,2.94
karnataka ,shimoga ,17.26,78.66,4.07
karnataka ,tumkur ,10.92,84.25,4.84
karnataka ,udupi ,28.35,70.48,1.17
karnataka ,uttara kannada ,16.35,80.07,3.59
karnataka ,yadgir ,8.17,86.29,5.54
kerala ,alappuzha ,50.22,49.61,0.18
kerala ,ernakulam ,71.22,28.78,0
kerala ,idukki ,44.67,54.43,0.9
kerala ,kannur ,55.58,43.57,0.86
kerala ,kasaragod ,45.23,54.11,0.66
kerala ,kollam ,56.76,42,1.23
kerala ,kottayam ,62.18,37.7,0.12
kerala ,kozhikode ,58.61,41.12,0.26
kerala ,malappuram ,56.5,43.07,0.43
kerala ,palakkad ,50.23,49.09,0.68
kerala ,pathanamthitta ,58.4,41.16,0.44
kerala ,thiruvananthapuram ,53.09,46.11,0.8
kerala ,thrissur ,67.86,32.01,0.13
kerala ,wayanad ,28.07,68.76,3.17
lakshadweep ,lakshadweep ,63.5,36.5,0
madhya pradesh ,alirajpur ,5.42,81.33,13.25
madhya pradesh ,anuppur ,18.76,56.02,25.23
madhya pradesh ,ashoknagar ,15.82,69.69,14.49
madhya pradesh ,balaghat ,12.88,68.13,18.99
madhya pradesh ,barwani ,12.64,69.04,18.32
madhya pradesh ,betul ,25.46,58.52,16.03
madhya pradesh ,bhind ,22.35,67.62,10.04
madhya pradesh ,bhopal ,57.16,41.68,1.16
madhya pradesh ,burhanpur ,21.26,65.4,13.34
madhya pradesh ,chhatarpur ,11.82,66.53,21.65
madhya pradesh ,chhindwara ,20.62,62.61,16.77
madhya pradesh ,damoh ,8.97,69.23,21.79
madhya pradesh ,datia ,20.47,69.19,10.34
madhya pradesh ,dewas ,27.8,67.19,5.01
madhya pradesh ,dhar ,18.12,72.99,8.9
madhya pradesh ,dindori ,4.05,57.48,38.47
madhya pradesh ,guna ,18.47,73.25,8.28
madhya pradesh ,gwalior ,47.55,48.77,3.68
madhya pradesh ,harda ,26.63,65.69,7.68
madhya pradesh ,hoshangabad ,31.89,59.84,8.27
madhya pradesh ,indore ,53.34,46.03,0.63
madhya pradesh ,jabalpur ,39.17,51.74,9.09
madhya pradesh ,jhabua ,6.42,74.16,19.42
madhya pradesh ,katni ,15.57,58.7,25.73
madhya pradesh ,khandwa (east nima ,22.26,66.53,11.21
madhya pradesh ,khargone (west nim ,24.01,69.31,6.68
madhya pradesh ,mandla ,11.54,58.03,30.43
madhya pradesh ,mandsaur ,15.99,78.98,5.03
madhya pradesh ,morena ,28.51,61.24,10.25
madhya pradesh ,narsimhapur ,18.74,61.28,19.99
madhya pradesh ,neemuch ,18.32,76.95,4.73
madhya pradesh ,panna ,10.67,64.8,24.53
madhya pradesh ,raisen ,22.56,68.62,8.81
madhya pradesh ,rajgarh ,13.89,79.29,6.81
madhya pradesh ,ratlam ,21.09,66.04,12.87
madhya pradesh ,rewa ,10.93,69.73,19.35
madhya pradesh ,sagar ,11.49,70.65,17.86
madhya pradesh ,satna ,15.65,66.51,17.84
madhya pradesh ,sehore ,27.79,68.47,3.74
madhya pradesh ,seoni ,13.89,61.43,24.68
madhya pradesh ,shahdol ,9.92,57.46,32.63
madhya pradesh ,shajapur ,18.24,76.58,5.18
madhya pradesh ,sheopur ,15.18,66.53,18.29
madhya pradesh ,shivpuri ,16.37,67.68,15.96
madhya pradesh ,sidhi ,6.33,63.32,30.35
madhya pradesh ,singrauli ,13.46,50.5,36.04
madhya pradesh ,tikamgarh ,10.23,71.69,18.08
madhya pradesh ,ujjain ,27.53,68.03,4.43
madhya pradesh ,umaria ,13.49,58.94,27.57
madhya pradesh ,vidisha ,10.37,70.31,19.32
maharashtra ,ahmadnagar ,29.52,62.88,7.6
maharashtra ,akola ,35.15,58.82,6.03
maharashtra ,amravati ,39.2,52.15,8.64
maharashtra ,aurangabad ,32.11,64.49,3.4
maharashtra ,bhandara ,31.74,62.78,5.48
maharashtra ,bid ,17.29,76.67,6.03
maharashtra ,buldana ,21.62,73.22,5.16
maharashtra ,chandrapur ,36.42,51.62,11.95
maharashtra ,dhule ,20.6,65.25,14.15
maharashtra ,gadchiroli ,16.87,69.9,13.23
maharashtra ,gondiya ,17.92,73.72,8.36
maharashtra ,hingoli ,21.11,66.71,12.18
maharashtra ,jalgaon ,29.46,63.8,6.74
maharashtra ,jalna ,15.76,75.18,9.06
maharashtra ,kolhapur ,24.56,72.37,3.07
maharashtra ,latur ,16.57,78.66,4.77
maharashtra ,mumbai ,45.93,53.87,0.2
maharashtra ,mumbai suburban ,27.83,72.17,0
maharashtra ,nagpur ,54.84,43.22,1.93
maharashtra ,nanded ,21.61,69.9,8.49
maharashtra ,nandurbar ,13.18,53.97,32.85
maharashtra ,nashik ,33.19,61.81,5
maharashtra ,osmanabad ,16.01,76.35,7.64
maharashtra ,parbhani ,24.06,70.77,5.16
maharashtra ,pune ,49.69,48.99,1.32
maharashtra ,raigarh ,46.04,51.18,2.78
maharashtra ,ratnagiri ,21.37,72.44,6.19
maharashtra ,sangli ,27.3,66.81,5.89
maharashtra ,satara ,27.28,68.37,4.35
maharashtra ,sindhudurg ,19.82,75.79,4.38
maharashtra ,solapur ,27.02,69.06,3.93
maharashtra ,thane ,43.88,51.38,4.74
maharashtra ,wardha ,39.02,57.09,3.88
maharashtra ,washim ,24.84,69.49,5.67
maharashtra ,yavatmal ,23.65,67.41,8.93
manipur ,bishnupur ,11.25,84.8,3.95
manipur ,chandel ,9.68,83.93,6.39
manipur ,churachandpur ,15.11,72.38,12.51
manipur ,imphal east ,22.11,74.39,3.5
manipur ,imphal west ,29.35,68.69,1.95
manipur ,senapati (excludin ,5.23,86.14,8.63
manipur ,tamenglong ,3.89,77.69,18.42
manipur ,thoubal ,10.36,78.99,10.65
manipur ,ukhrul ,1.78,75.42,22.8
meghalaya ,east garo hills ,4.64,72.1,23.26
meghalaya ,east khasi hills ,11.88,82.72,5.4
meghalaya ,jaintia hills ,8.68,79.2,12.12
meghalaya ,ribhoi ,3.5,80.72,15.78
meghalaya ,south garo hills ,21.53,77.14,1.33
meghalaya ,west garo hills ,9.48,77.8,12.72
meghalaya ,west khasi hills ,1.47,86.18,12.35
mizoram ,aizawl ,64.94,34.86,0.2
mizoram ,champhai ,37.9,59.76,2.34
mizoram ,kolasib ,44.99,51.41,3.6
mizoram ,lawngtlai ,19.28,52.7,28.02
mizoram ,lunglei ,36.3,59.69,4.01
mizoram ,mamit ,22.78,58.77,18.45
mizoram ,saiha ,26.96,68.62,4.42
mizoram ,serchhip ,49.11,49.2,1.69
nagaland ,dimapur ,26.46,70.86,2.67
nagaland ,kiphire ,3.49,89.23,7.27
nagaland ,kohima ,25.32,72.4,2.28
nagaland ,longleng ,1.42,89.56,9.02
nagaland ,mokokchung ,23.75,74.1,2.15
nagaland ,mon ,3.51,76.93,19.55
nagaland ,peren ,7.13,85.46,7.41
nagaland ,phek ,2.08,90.34,7.58
nagaland ,tuensang ,3.63,86.54,9.82
nagaland ,wokha ,13.11,81.54,5.35
nagaland ,zunheboto ,3.06,91.36,5.58
odisha ,anugul ,18.15,65.69,16.16
odisha ,balangir ,10.48,69.52,20.01
odisha ,baleshwar ,9.89,76.47,13.64
odisha ,bargarh ,14.02,67.04,18.94
odisha ,baudh ,10.08,67.75,22.18
odisha ,bhadrak ,7.71,78.31,13.97
odisha ,cuttack ,18.73,73.98,7.29
odisha ,debagarh ,8.97,60.73,30.29
odisha ,dhenkanal ,14.52,68.02,17.46
odisha ,gajapati ,4.08,76.7,19.22
odisha ,ganjam ,14.97,74.98,10.05
odisha ,jagatsinghapur ,7.78,85.15,7.07
odisha ,jajapur ,12.83,77.23,9.94
odisha ,jharsuguda ,31.01,59.38,9.62
odisha ,kalahandi ,6.1,57.24,36.66
odisha ,kandhamal ,3.62,62.89,33.49
odisha ,kendrapara ,9.06,81,9.94
odisha ,kendujhar ,13.84,56.18,29.99
odisha ,khordha ,28.16,67.53,4.31
odisha ,koraput ,9.12,57.38,33.49
odisha ,malkangiri ,6.49,65.3,28.21
odisha ,mayurbhanj ,7.22,56.68,36.1
odisha ,nabarangapur ,4.5,56.31,39.19
odisha ,nayagarh ,11.45,78.61,9.93
odisha ,nuapada ,8.6,67.74,23.66
odisha ,puri ,14.53,80.18,5.28
odisha ,rayagada ,9.17,61.79,29.04
odisha ,sambalpur ,19.68,67.02,13.31
odisha ,subarnapur ,14.18,69.31,16.51
odisha ,sundargarh ,24.64,59.1,16.26
puducherry ,karaikal ,51.01,48,0.99
puducherry ,mahe ,60.81,39.11,0.08
puducherry ,puducherry ,57.87,41.85,0.29
puducherry ,yanam ,37.77,61.86,0.37
punjab ,amritsar ,69.68,29.46,0.85
punjab ,barnala ,72.55,27.11,0.34
punjab ,bathinda ,73.12,26.4,0.48
punjab ,faridkot ,73.81,25.72,0.47
punjab ,fatehgarh sahib ,81.88,17.98,0.14
punjab ,firozpur ,57.6,41.53,0.86
punjab ,gurdaspur ,70.66,28.69,0.65
punjab ,hoshiarpur ,77.16,22.43,0.41
punjab ,jalandhar ,88.11,11.69,0.2
punjab ,kapurthala ,79.59,17.75,2.66
punjab ,ludhiana ,77.99,21.62,0.38
punjab ,mansa ,63.13,35.69,1.17
punjab ,moga ,67.07,32.47,0.45
punjab ,muktsar ,68.24,31.37,0.39
punjab ,patiala ,78.98,20.8,0.23
punjab ,rupnagar ,81.71,18.26,0.02
punjab ,sahibzada ajit sin ,77.96,21.51,0.53
punjab ,sangrur ,78.57,20.77,0.67
punjab ,shahid bhagat sing ,71.84,27.98,0.18
punjab ,tarn taran ,66.88,32.37,0.75
rajasthan ,ajmer ,52.94,46.09,0.97
rajasthan ,alwar ,40.55,57.03,2.41
rajasthan ,banswara ,12.96,55.34,31.71
rajasthan ,baran ,28.42,64.72,6.86
rajasthan ,barmer ,12.6,61.32,26.09
rajasthan ,bharatpur ,27.65,64.03,8.32
rajasthan ,bhilwara ,39.21,57.21,3.58
rajasthan ,bikaner ,40.95,53.7,5.35
rajasthan ,bundi ,34.92,57.29,7.79
rajasthan ,chittaurgarh ,32.18,63.26,4.56
rajasthan ,churu ,29.91,67.53,2.56
rajasthan ,dausa ,22.95,69.85,7.2
rajasthan ,dhaulpur ,27.62,66.13,6.25
rajasthan ,dungarpur ,13.32,64.71,21.97
rajasthan ,ganganagar ,49.99,46.5,3.51
rajasthan ,hanumangarh ,47.84,47.19,4.97
rajasthan ,jaipur ,54.73,43.56,1.71
rajasthan ,jaisalmer ,21.82,64.74,13.43
rajasthan ,jalor ,18.61,70.09,11.3
rajasthan ,jhalawar ,23.23,70.54,6.23
rajasthan ,jhunjhunun ,50.93,47.28,1.79
rajasthan ,jodhpur ,45.7,48.53,5.76
rajasthan ,karauli ,18.86,73.66,7.48
rajasthan ,kota ,59.93,38.25,1.82
rajasthan ,nagaur ,35.94,59.64,4.41
rajasthan ,pali ,33.45,63.94,2.6
rajasthan ,pratapgarh ,12.96,64.3,22.74
rajasthan ,rajsamand ,24.23,71.63,4.15
rajasthan ,sawai madhopur ,22.13,68.31,9.56
rajasthan ,sikar ,49.58,49.13,1.29
rajasthan ,sirohi ,25.5,63.01,11.48
rajasthan ,tonk ,39.85,57.2,2.95
rajasthan ,udaipur ,22.95,58.38,18.67
sikkim ,east district ,15.25,83.23,1.51
sikkim ,north  district ,7.64,90.96,1.4
sikkim ,south district ,9.63,89.51,0.86
sikkim ,west district ,4.93,93.58,1.49
tamil nadu ,ariyalur ,14.91,83.52,1.56
tamil nadu ,chennai ,71.94,28.03,0.04
tamil nadu ,coimbatore ,39.06,60.6,0.34
tamil nadu ,cuddalore ,26.73,72.18,1.09
tamil nadu ,dharmapuri ,25.21,74.08,0.71
tamil nadu ,dindigul ,19.33,78.57,2.1
tamil nadu ,erode ,30.01,69.25,0.73
tamil nadu ,kancheepuram ,57.65,42.12,0.24
tamil nadu ,kanniyakumari ,39.98,59.54,0.48
tamil nadu ,karur ,30.79,68.53,0.68
tamil nadu ,krishnagiri ,29.21,70.15,0.64
tamil nadu ,madurai ,34.22,64.82,0.96
tamil nadu ,nagapattinam ,22.11,76.82,1.07
tamil nadu ,namakkal ,30.25,69.21,0.53
tamil nadu ,perambalur ,27.97,70.93,1.1
tamil nadu ,pudukkottai ,22.46,76.12,1.43
tamil nadu ,ramanathapuram ,25.05,73.45,1.5
tamil nadu ,salem ,32.28,66.69,1.03
tamil nadu ,sivaganga ,31.56,66.42,2.03
tamil nadu ,thanjavur ,24.79,72.62,2.59
tamil nadu ,the nilgiris ,14.6,84.32,1.08
tamil nadu ,theni ,20.5,76.76,2.74
tamil nadu ,thiruvallur ,53.19,46.38,0.43
tamil nadu ,thiruvarur ,19.23,78.93,1.84
tamil nadu ,thoothukkudi ,25.27,73.23,1.5
tamil nadu ,tiruchirappalli ,37.33,61.95,0.72
tamil nadu ,tirunelveli ,18.54,79.73,1.72
tamil nadu ,tiruppur ,29.4,70.37,0.23
tamil nadu ,tiruvannamalai ,20.19,78.28,1.53
tamil nadu ,vellore ,44.97,54.31,0.73
tamil nadu ,viluppuram ,24.21,74.67,1.12
tamil nadu ,virudhunagar ,18.05,80.5,1.46
telangana ,adilabad ,18.21,74.52,7.27
telangana ,hyderabad ,55.59,44.41,0
telangana ,karimnagar ,24.02,73.71,2.27
telangana ,khammam ,26.25,68.74,5.01
telangana ,mahbubnagar ,13.25,83.19,3.55
telangana ,medak ,13.09,83.47,3.45
telangana ,nalgonda ,22.56,73.88,3.55
telangana ,nizamabad ,17.24,79.47,3.3
telangana ,rangareddy ,46.57,52.52,0.92
telangana ,warangal ,16.44,78.91,4.65
tripura ,dhalai ,3.29,78.15,18.55
tripura ,north tripura ,8.51,72.87,18.62
tripura ,south tripura ,5.12,83.07,11.8
tripura ,west tripura ,14.35,79.54,6.11
uttar pradesh ,agra ,33.58,60.84,5.58
uttar pradesh ,aligarh ,27.52,61.88,10.6
uttar pradesh ,allahabad ,27.23,55.87,16.9
uttar pradesh ,ambedkar nagar ,8.37,71.44,20.19
uttar pradesh ,auraiya ,15.73,58.55,25.71
uttar pradesh ,azamgarh ,12.63,73.51,13.85
uttar pradesh ,baghpat ,43.74,49.65,6.6
uttar pradesh ,bahraich ,4.79,38.69,56.53
uttar pradesh ,ballia ,8.49,65.51,25.99
uttar pradesh ,balrampur ,6.47,47.69,45.84
uttar pradesh ,banda ,9.22,61.13,29.66
uttar pradesh ,bara banki ,10.28,51.69,38.03
uttar pradesh ,bareilly ,24.73,53.11,22.16
uttar pradesh ,basti ,8.38,65.17,26.45
uttar pradesh ,bijnor ,26.62,58.92,14.46
uttar pradesh ,budaun ,12.39,53.82,33.79
uttar pradesh ,bulandshahr ,34.09,57.3,8.61
uttar pradesh ,chandauli ,17.28,60.52,22.19
uttar pradesh ,chitrakoot ,7.4,60.06,32.54
uttar pradesh ,deoria ,10.2,66.69,23.12
uttar pradesh ,etah ,16.55,59.06,24.38
uttar pradesh ,etawah ,20.21,71.94,7.85
uttar pradesh ,faizabad ,10.04,60.65,29.3
uttar pradesh ,farrukhabad ,11.25,60.56,28.2
uttar pradesh ,fatehpur ,7.58,45.95,46.47
uttar pradesh ,firozabad ,23.04,66.37,10.58
uttar pradesh ,gautam buddha naga ,50.13,48.46,1.41
uttar pradesh ,ghaziabad ,48.84,48.41,2.75
uttar pradesh ,ghazipur ,9.34,64.47,26.19
uttar pradesh ,gonda ,6.49,50.01,43.5
uttar pradesh ,gorakhpur ,19.85,60.9,19.25
uttar pradesh ,hamirpur ,17.29,61.87,20.83
uttar pradesh ,hardoi ,8.24,46.61,45.14
uttar pradesh ,jalaun ,23.9,66.45,9.65
uttar pradesh ,jaunpur ,11.63,70.68,17.7
uttar pradesh ,jhansi ,37.27,55.06,7.67
uttar pradesh ,jyotiba phule naga ,24.79,59.36,15.85
uttar pradesh ,kannauj ,9.57,66.43,24
uttar pradesh ,kanpur dehat ,7.57,51.53,40.89
uttar pradesh ,kanpur nagar ,48.63,39.17,12.21
uttar pradesh ,kanshiram nagar ,11.77,59.02,29.2
uttar pradesh ,kaushambi ,8.8,49.22,41.98
uttar pradesh ,kheri ,5.93,44.11,49.96
uttar pradesh ,kushinagar ,6.89,54.79,38.32
uttar pradesh ,lalitpur ,12.71,69.14,18.15
uttar pradesh ,lucknow ,56.77,37.66,5.57
uttar pradesh ,mahamaya nagar ,23.18,67.19,9.63
uttar pradesh ,mahoba ,17.84,66.47,15.69
uttar pradesh ,mahrajganj ,7.76,55.28,36.96
uttar pradesh ,mainpuri ,14.47,70.94,14.59
uttar pradesh ,mathura ,30.07,64.64,5.29
uttar pradesh ,mau ,8.6,76.56,14.85
uttar pradesh ,meerut ,54.4,42.67,2.93
uttar pradesh ,mirzapur ,9.35,65.94,24.71
uttar pradesh ,moradabad ,25.52,60.2,14.29
uttar pradesh ,muzaffarnagar ,35.77,58.06,6.17
uttar pradesh ,pilibhit ,12.83,52.63,34.54
uttar pradesh ,pratapgarh ,11.25,66.71,22.04
uttar pradesh ,rae bareli ,12.43,63.55,24.02
uttar pradesh ,rampur ,19.38,66.2,14.42
uttar pradesh ,saharanpur ,31.35,62.75,5.91
uttar pradesh ,sant kabir nagar ,7.12,63.74,29.15
uttar pradesh ,sant ravidas nagar ,11.44,71.65,16.92
uttar pradesh ,shahjahanpur ,12.27,49.93,37.8
uttar pradesh ,shrawasti ,1.58,37.26,61.17
uttar pradesh ,siddharth nagar ,6.15,65.54,28.3
uttar pradesh ,sitapur ,6.75,38.25,55
uttar pradesh ,sonbhadra ,16.14,41.71,42.14
uttar pradesh ,sultanpur ,9.77,69.3,20.93
uttar pradesh ,unnao ,10.77,51.63,37.6
uttar pradesh ,varanasi ,25.83,65.09,9.08
uttarakhand ,almora ,7.44,88.07,4.49
uttarakhand ,bageshwar ,11.31,84.79,3.9
uttarakhand ,chamoli ,10.71,83.91,5.38
uttarakhand ,champawat ,18.84,73.73,7.42
uttarakhand ,dehradun ,63.3,35.98,0.72
uttarakhand ,garhwal ,21.9,75.25,2.84
uttarakhand ,hardwar ,41.04,56.12,2.84
uttarakhand ,nainital ,45.04,53.18,1.78
uttarakhand ,pithoragarh ,12.41,82.21,5.38
uttarakhand ,rudraprayag ,9.13,89.25,1.63
uttarakhand ,tehri garhwal ,18.89,78.55,2.55
uttarakhand ,udham singh nagar ,35.6,60.28,4.13
uttarakhand ,uttarkashi ,13.68,76.93,9.39
west bengal ,bankura ,9.09,74.92,15.99
west bengal ,barddhaman ,17.24,73.19,9.57
west bengal ,birbhum ,6.96,77.62,15.42
west bengal ,dakshin dinajpur ,3.88,84.82,11.29
west bengal ,darjiling ,18.54,76.39,5.07
west bengal ,haora ,19.86,77.79,2.35
west bengal ,hugli ,15.95,76.83,7.22
west bengal ,jalpaiguri ,7.62,76.66,15.71
west bengal ,koch bihar ,3.02,81.04,15.94
west bengal ,kolkata ,35,64.9,0.1
west bengal ,maldah ,3.27,85.78,10.95
west bengal ,murshidabad ,4.53,82.82,12.64
west bengal ,nadia ,11.02,83.05,5.93
west bengal ,north twenty four  ,19.36,76.91,3.73
west bengal ,paschim medinipur ,9.77,78.61,11.62
west bengal ,purba medinipur ,8.62,85.55,5.83
west bengal ,puruliya ,5.54,71.2,23.26
west bengal ,south twenty four  ,6.71,78.46,14.84
west bengal ,uttar dinajpur ,4.99,75.85,19.16
